SOURCE: 003_IFSCA career__2023 Phase 1 Results.pdf
PAGES: 17
================================================================================


[PAGE 1]
 
INTERNATIONAL FINANCIAL SERVICES CENTRES AUTHORITY (IFSCA) 
RECRUITMENT OF OFFICER GRADE 'A' (ASSISTANT MANAGER). 
DATE OF EXAM : 15th APRIL 2023 (PHASE-I) 
LIST OF ROLL NO. OF SHORT LISTED CANDIDATES FOR PHASE-II 
 
 ---------------------------------------------------------------------------------------------------------------------------------- 
 
  1110000004     1110000024     1110000030     1110000047     1110000053     1110000060     1110000061     1110000065 
 
  1110000068     1110000069     1110000071     1110000074     1110000076     1110000081     1110000088     1110000091 
 
  1110000094     1110000098     1110000099     1110000115     1110000121     1110000122     1110000130     1110000131 
 
  1110000132     1110000154     1110000162     1110000167     1110000175     1110000176     1110000180     1110000181 
 
  1110000186     1110000189     1110000190     1110000195     1110000204     1110000214     1110000227     1110000237 
 
  1110000244     1110000253     1110000260     1110000262     1110000277     1110000281     1110000283     1110000285 
 
  1110000286     1110000296     1110000303     1110000304     1110000313     1110000315     1110000316     1110000327 
 
  1110000335     1110000336     1110000337     1110000338     1110000339     1110000341     1110000361     1110000362 
 
  1110000364     1110000378     1110000380     1110000386     1110000392     1110000396     1110000401     1110000405 
 
  1110000416     1110000419     1110000420     1110000429     1110000433     1110000442     1110000447     1110000449 
 
  1110000452     1110000455     1110000460     1110000468     1110000470     1110000476     1110000480     1110000484 
 
  1110000487     1110000518     1110000523     1110000535     1110000536     1110000540     1110000544     1110000550 
 
  1110000554     1110000557     1110000558     1110000559     1110000565     1110000570     1110000571     1110000581 
 
  1110000589     1110000591     1110000602     1110000604     1110000617     1110000624     1110000625     1110000626 
 
  1110000629     1110000652     1110000655     1110000661     1110000668     1110000669     1110000688     1110000691 
 
  1110000695     1110000702     1110000713     1110000714     1110000718     1110000719     1110000722     1110000725 
 
  1110000732     1110000735     1110000739     1110000753     1110000768     1110000770     1110000773     1110000776 
 
  1110000779     1110000781     1110000785     1110000789     1110000791     1110000796     1110000797     1110000798 
 
  1110000809     1110000810     1110000811     1110000824     1110000827     1110000831     1110000832     1110000842 
  

[PAGE 2]
 
  1110000844     1110000847     1110000848     1110000856     1110000857     1110000876     1110000877     1110000881 
 
  1110000885     1110000889     1110000895     1110000897     1110000913     1110000917     1110000924     1110000927 
 
  1110000932     1110000952     1110000955     1110000967     1110000972     1210000003     1210000014     1210000018 
 
  1210000020     1310000005     1310000017     1310000027     1310000037     1310000038     1310000040     1310000045 
 
  1310000050     1310000059     1310000078     1310000082     1310000087     1310000090     1310000093     1310000109 
 
  1310000112     1310000129     1310000131     1310000134     1310000139     1310000152     1310000158     1310000161 
 
  1310000164     1310000196     1310000210     1310000214     1310000215     1410000001     1410000007     1410000011 
 
  1410000012     1410000013     1410000016     1410000025     1410000026     1410000029     1410000031     1410000038 
 
  1410000047     1410000049     1410000052     1410000058     1410000061     1410000064     1410000076     1410000087 
 
  1410000088     1410000089     1410000091     1410000100     1410000103     1410000104     1410000111     1410000114 
 
  1410000116     1410000121     1410000125     1410000148     1410000152     1410000157     1410000163     1410000164 
 
  1410000169     1410000175     1410000185     1410000186     1410000191     1410000195     1410000207     1410000208 
 
  1410000216     1410000222     1410000229     1410000231     1410000233     1410000236     1410000239     1410000240 
 
  1410000243     1410000247     1410000248     1410000250     1410000254     1410000267     1410000271     1410000291 
 
  1410000294     1410000295     1410000301     1410000306     1410000309     1410000318     1410000320     1410000323 
 
  1410000336     1410000340     1410000352     1410000360     1410000365     1410000370     1410000378     1410000379 
 
  1410000381     1410000385     1410000386     1410000387     1410000388     1410000393     1410000401     1410000402 
 
  1410000403     1410000408     1410000413     1410000431     1410000444     1410000448     1410000456     1410000464 
 
  1410000466     1410000467     1410000471     1410000474     1410000483     1410000491     1410000500     1410000501 
 
  1410000506     1410000510     1410000518     1410000519     1410000521     1410000524     1410000527     1410000536 
 
  1410000537     1410000555     1410000556     1410000560     1410000562     1410000578     1410000583     1410000586 
 
  1410000597     1410000600     1410000607     1410000609     1410000611     1410000618     1410000620     1410000627 
 
  1510000008     1510000010     1510000011     1510000014     1510000015     1510000017     1510000018     1510000019 
 
  1510000021     1510000022     1510000034     1510000048     1510000049     1510000051     1510000057     1510000065 
 
  1510000066     1510000072     1510000073     1510000084     1510000087     1510000091     1510000102     1510000114 
  

[PAGE 3]
 
  1510000115     1510000118     1510000134     1510000140     1510000143     1510000151     1510000157     1510000159 
 
  1510000161     1510000166     1510000171     1510000174     1510000182     1510000186     1510000193     1510000199 
 
  1510000206     1510000208     1510000212     1510000215     1510000221     1510000236     1510000238     1510000245 
 
  1510000247     1510000264     1510000278     1510000282     1510000284     1510000297     1510000317     1510000320 
 
  1510000322     1510000323     1510000324     1510000325     1510000328     1510000330     1510000333     1510000334 
 
  1510000338     1510000352     1510000354     1510000355     1510000363     1510000368     1510000378     1510000383 
 
  1510000384     1510000401     1510000406     1510000413     1510000418     1510000419     1510000420     1510000424 
 
  1610000001     1610000016     1610000017     1610000019     1610000021     1610000023     1610000030     1610000032 
 
  1610000033     1610000038     1610000039     1610000041     1610000056     1610000065     1610000076     1610000077 
 
  1610000079     1610000081     1610000082     1610000085     1610000094     1610000104     1610000111     1610000115 
 
  1610000133     1610000136     1610000147     1610000149     1610000150     1610000163     1610000167     1610000173 
 
  1610000175     1610000176     1610000177     1610000184     1610000190     1610000196     1610000199     1610000200 
 
  1610000204     1610000205     1610000207     1610000208     1610000210     1610000212     1610000218     1610000222 
 
  1610000225     1610000231     1610000233     1610000234     1610000235     1610000245     1610000250     1610000251 
 
  1610000253     1610000257     1610000260     1610000263     1610000264     1610000269     1610000280     1610000281 
 
  1610000284     1610000287     1610000292     1610000296     1610000300     1610000305     1610000316     1610000319 
 
  1610000324     1610000327     1610000328     1610000329     1610000330     1610000334     1610000335     1610000337 
 
  1610000342     1610000346     1610000347     1610000350     1610000356     1610000361     1610000370     1610000386 
 
  1610000392     1610000400     1610000401     1610000404     1610000408     1610000409     1610000410     1610000412 
 
  1610000424     1610000429     1610000436     1610000452     1610000463     1610000467     1610000468     1610000469 
 
  1610000476     1610000484     1610000488     1610000490     1610000494     1610000495     1610000500     1610000501 
 
  1610000504     1610000507     1610000511     1610000512     1610000515     1610000516     1610000526     1610000529 
 
  1610000535     1610000547     1610000550     1610000551     1610000569     1610000576     1610000578     1610000582 
 
  1610000588     1610000593     1610000594     1610000597     1610000600     1610000615     1610000617     1610000618 
 
  1610000619     1610000627     1610000635     1610000641     1610000643     1610000646     1610000647     1610000649 
  

[PAGE 4]
 
  1610000651     1610000657     1610000668     1610000669     1610000687     1610000696     1610000700     1610000704 
 
  1610000715     1610000720     1610000724     1610000726     1610000730     1610000741     1610000742     1610000744 
 
  1610000751     1710000018     1710000020     1710000027     1710000035     1710000038     1710000048     1710000057 
 
  1710000064     1710000067     1710000072     1710000077     1710000078     1710000080     1710000088     1710000089 
 
  1710000094     1710000105     1710000111     1710000113     1710000121     1710000122     1710000134     1710000138 
 
  1710000139     1710000141     1710000149     1710000159     1710000160     1710000163     1710000176     1710000177 
 
  1710000200     1710000201     1710000205     1710000206     1710000217     1710000218     1710000223     1710000224 
 
  1710000226     1710000228     1710000230     1710000246     1710000253     1710000255     1710000256     1710000260 
 
  1710000262     1710000263     1710000272     1710000278     1710000282     1710000289     1710000293     1710000300 
 
  1710000302     1710000306     1710000307     1710000311     1710000315     1710000319     1710000326     1710000331 
 
  1710000344     1710000347     1710000363     1710000365     1710000369     1710000385     1710000388     1710000396 
 
  1710000399     1710000415     1710000425     1710000428     1710000431     1710000438     1710000446     1710000449 
 
  1710000454     1710000455     1710000462     1710000464     1710000467     1710000468     1710000469     1710000471 
 
  1710000476     1710000480     1710000487     1710000493     1710000497     1710000500     1710000503     1710000505 
 
  1810000013     1810000020     1810000027     1810000033     1810000034     1810000067     1810000069     1810000070 
 
  1810000073     1810000088     1810000092     1810000100     1810000114     1810000119     1810000120     1810000124 
 
  1810000133     1810000138     1810000152     1810000155     1910000026     1910000039     1910000041     1910000043 
 
  1910000054     1910000060     1910000069     1910000071     1910000080     1910000083     1910000088     1910000094 
 
  1910000098     1910000103     1910000126     1910000127     1910000131     1910000145     1910000151     1910000157 
 
  1910000158     1910000169     1910000180     1910000181     1910000184     1910000185     1910000187     1910000189 
 
  1910000190     1910000195     1910000200     1910000201     1910000203     1910000208     1910000223     2010000003 
 
  2010000004     2010000018     2010000034     2010000053     2010000065     2010000070     2010000071     2010000073 
 
  2010000080     2010000096     2010000111     2010000113     2010000114     2010000123     2010000127     2010000141 
 
  2010000147     2010000157     2010000160     2010000163     2010000164     2010000175     2010000179     2010000181 
 
  2010000189     2010000195     2010000198     2010000206     2010000207     2010000209     2010000218     2110000005 
  

[PAGE 5]
 
  2110000011     2110000013     2110000018     2110000022     2110000032     2110000033     2110000042     2110000045 
 
  2110000049     2110000057     2110000063     2110000068     2110000073     2110000074     2110000080     2110000082 
 
  2110000091     2110000113     2110000117     2110000118     2110000122     2110000124     2110000125     2110000132 
 
  2110000138     2110000140     2110000141     2210000002     2210000020     2210000023     2210000032     2210000033 
 
  2210000040     2210000042     2210000045     2210000047     2210000062     2210000067     2210000073     2210000078 
 
  2210000090     2310000009     2310000013     2310000020     2310000025     2310000040     2310000041     2310000043 
 
  2310000044     2310000051     2310000059     2310000069     2310000074     2310000075     2310000081     2310000101 
 
  2310000104     2310000127     2310000129     2310000130     2310000134     2310000135     2310000147     2310000150 
 
  2310000153     2310000161     2310000173     2310000179     2310000187     2310000193     2310000196     2310000204 
 
  2310000207     2310000210     2310000215     2310000224     2310000228     2310000243     2310000244     2310000252 
 
  2310000266     2310000270     2310000284     2310000287     2310000288     2310000290     2310000292     2310000298 
 
  2310000301     2310000303     2310000309     2310000332     2310000345     2310000353     2310000356     2310000358 
 
  2310000366     2310000381     2310000384     2310000386     2310000390     2310000391     2310000407     2310000418 
 
  2310000419     2310000436     2310000440     2310000464     2310000500     2310000502     2310000507     2310000510 
 
  2310000518     2310000521     2310000537     2310000554     2310000576     2310000589     2310000602     2310000605 
 
  2310000613     2310000617     2310000621     2310000623     2310000630     2310000631     2310000639     2310000640 
 
  2310000641     2310000642     2310000655     2310000665     2310000668     2310000678     2310000684     2310000699 
 
  2410000010     2410000029     2410000036     2410000039     2410000041     2410000042     2410000050     2410000060 
 
  2410000066     2410000081     2410000090     2410000093     2410000097     2410000105     2410000111     2410000112 
 
  2410000119     2410000122     2410000124     2410000126     2410000133     2410000134     2410000139     2410000141 
 
  2410000143     2410000152     2410000157     2410000161     2410000168     2410000169     2410000171     2410000172 
 
  2410000173     2410000177     2410000181     2410000184     2410000201     2410000202     2410000211     2410000213 
 
  2410000215     2410000217     2410000222     2410000227     2410000232     2410000236     2410000238     2410000240 
 
  2410000245     2410000248     2410000265     2410000268     2410000271     2410000272     2410000282     2410000310 
 
  2410000311     2410000315     2410000316     2410000318     2410000321     2410000323     2410000327     2410000334 
  

[PAGE 6]
 
  2410000336     2410000339     2410000343     2410000346     2410000353     2410000354     2410000356     2410000358 
 
  2410000360     2410000364     2410000370     2410000372     2410000374     2410000376     2410000377     2410000379 
 
  2410000401     2410000402     2410000403     2410000404     2410000408     2410000439     2410000445     2410000447 
 
  2410000455     2410000460     2410000468     2410000470     2410000472     2410000476     2410000484     2410000486 
 
  2410000488     2410000496     2410000497     2410000499     2410000501     2410000502     2410000504     2410000506 
 
  2410000507     2410000517     2410000531     2410000538     2410000539     2410000542     2410000545     2410000548 
 
  2410000551     2410000554     2410000555     2410000559     2410000564     2410000568     2410000570     2410000572 
 
  2410000573     2410000577     2410000583     2410000584     2410000588     2410000601     2410000607     2410000623 
 
  2410000627     2410000631     2410000633     2410000638     2410000639     2410000644     2410000649     2410000651 
 
  2510000018     2510000019     2510000022     2510000023     2510000024     2510000026     2510000044     2510000051 
 
  2510000055     2510000056     2510000057     2510000064     2510000066     2510000071     2510000079     2510000086 
 
  2510000088     2510000091     2510000094     2510000097     2510000098     2510000102     2510000107     2510000114 
 
  2510000116     2510000120     2510000122     2510000125     2510000127     2510000128     2510000131     2510000133 
 
  2510000135     2510000157     2510000165     2510000167     2510000170     2510000173     2510000176     2510000190 
 
  2510000203     2510000207     2510000213     2510000214     2510000215     2510000222     2510000224     2510000226 
 
  2510000228     2510000229     2510000234     2510000235     2510000239     2510000241     2510000247     2510000248 
 
  2510000249     2510000260     2510000274     2510000289     2510000293     2510000299     2510000307     2510000324 
 
  2510000327     2510000329     2510000330     2510000334     2510000348     2510000350     2510000354     2510000355 
 
  2510000363     2510000365     2510000372     2510000380     2510000381     2510000386     2510000388     2510000397 
 
  2510000401     2510000402     2510000408     2510000409     2510000418     2510000424     2510000429     2510000430 
 
  2510000439     2510000442     2510000444     2510000450     2510000459     2510000468     2510000480     2510000482 
 
  2510000494     2510000495     2510000497     2510000499     2510000530     2510000533     2510000537     2510000544 
 
  2510000554     2510000556     2510000560     2510000562     2510000568     2510000570     2510000571     2510000573 
 
  2510000576     2510000578     2510000591     2510000592     2510000594     2510000597     2510000608     2510000611 
 
  2510000614     2510000618     2510000619     2510000620     2510000628     2510000632     2510000637     2510000638 
  

[PAGE 7]
 
  2510000639     2510000647     2510000653     2510000654     2510000663     2510000667     2510000682     2510000690 
 
  2510000700     2510000705     2510000712     2510000717     2510000720     2510000721     2510000724     2510000731 
 
  2510000733     2510000738     2510000740     2510000744     2510000746     2510000758     2510000768     2510000770 
 
  2510000779     2510000780     2510000781     2510000785     2510000793     2510000797     2510000798     2510000800 
 
  2510000806     2510000811     2510000817     2510000818     2510000823     2510000825     2510000831     2510000833 
 
  2510000834     2510000835     2510000847     2510000857     2510000861     2510000862     2510000867     2510000879 
 
  2510000880     2510000888     2510000896     2510000902     2510000913     2510000914     2510000926     2510000929 
 
  2510000932     2510000936     2510000952     2510000957     2510000959     2510000960     2510000967     2510000976 
 
  2510000977     2510000979     2510000983     2510000984     2510000991     2510000999     2510001002     2510001004 
 
  2510001005     2510001006     2510001008     2510001012     2610000009     2610000012     2610000034     2610000057 
 
  2610000077     2610000078     2610000082     2610000092     2610000108     2610000115     2610000119     2610000121 
 
  2610000129     2610000133     2610000140     2610000149     2610000154     2610000161     2610000164     2610000169 
 
  2610000170     2610000173     2610000181     2610000195     2610000196     2610000203     2610000208     2610000216 
 
  2610000225     2610000238     2610000239     2610000243     2610000246     2610000248     2610000249     2610000252 
 
  2610000257     2610000259     2710000013     2710000014     2710000021     2710000023     2710000032     2710000033 
 
  2710000044     2710000045     2710000046     2710000054     2710000076     2710000078     2710000094     2710000096 
 
  2710000109     2710000131     2710000132     2710000133     2710000134     2710000143     2710000151     2710000153 
 
  2710000169     2710000176     2710000177     2710000183     2710000185     2710000186     2710000202     2710000204 
 
  2710000215     2710000217     2710000227     2710000239     2710000240     2710000241     2710000247     2710000248 
 
  2710000250     2710000251     2710000255     2710000260     2710000261     2710000263     2710000266     2710000272 
 
  2710000275     2710000283     2710000288     2710000290     2710000291     2710000292     2710000293     2710000295 
 
  2710000297     2710000315     2710000316     2710000329     2710000331     2710000336     2710000338     2710000340 
 
  2710000346     2810000007     2810000019     2810000027     2810000040     2810000041     2810000048     2810000062 
 
  2810000076     2810000079     2810000080     2810000090     2810000100     2810000107     2810000118     2810000120 
 
  2810000128     2810000130     2810000153     2810000157     2810000160     2810000165     2810000185     2810000193 
  

[PAGE 8]
 
  2810000198     2810000207     2810000208     2810000209     2810000210     2810000211     2810000212     2810000213 
 
  2810000214     2810000227     2810000232     2810000233     2810000250     2810000252     2810000262     2810000267 
 
  2810000268     2810000272     2810000277     2810000297     2810000302     2810000308     2810000319     2810000331 
 
  2810000333     2810000337     2810000342     2810000344     2810000362     2810000365     2810000372     2810000376 
 
  2810000379     2810000381     2810000387     2810000390     2810000402     2810000404     2810000411     2810000413 
 
  2810000416     2810000419     2810000420     2810000424     2810000425     2810000427     2810000436     2810000443 
 
  2810000459     2810000461     2810000463     2810000466     2810000485     2810000488     2810000490     2810000492 
 
  2810000514     2810000515     2810000524     2810000540     2810000541     2810000549     2810000550     2810000556 
 
  2810000563     2810000566     2810000575     2810000587     2810000588     2810000596     2810000606     2810000609 
 
  2810000612     2810000626     2810000627     2810000639     2810000641     2810000646     2810000648     2810000653 
 
  2810000657     2810000661     2810000664     2810000666     2810000673     2810000687     2910000025     2910000026 
 
  2910000035     2910000036     2910000040     2910000043     2910000044     2910000050     2910000057     2910000062 
 
  2910000064     2910000072     2910000084     2910000091     2910000097     2910000098     2910000103     2910000104 
 
  2910000109     2910000119     2910000124     2910000136     2910000137     2910000145     2910000148     2910000152 
 
  2910000156     2910000160     2910000161     2910000170     2910000176     2910000186     2910000190     2910000200 
 
  2910000203     2910000205     2910000211     2910000214     2910000219     2910000220     2910000225     2910000232 
 
  2910000233     2910000240     2910000245     2910000264     2910000271     2910000278     2910000295     2910000298 
 
  2910000299     2910000301     2910000309     2910000319     2910000330     2910000334     2910000359     2910000361 
 
  2910000368     2910000369     2910000371     2910000374     2910000381     2910000384     2910000388     2910000389 
 
  2910000408     2910000410     2910000414     2910000417     2910000419     2910000423     2910000430     2910000439 
 
  2910000446     2910000454     2910000460     2910000461     2910000469     2910000473     2910000478     2910000479 
 
  2910000481     2910000485     2910000486     2910000488     2910000494     2910000498     2910000499     2910000502 
 
  2910000504     2910000511     2910000518     2910000526     2910000529     2910000534     2910000537     2910000538 
 
  2910000546     2910000555     2910000560     2910000564     2910000574     2910000576     2910000580     2910000586 
 
  2910000587     2910000591     2910000601     2910000609     2910000636     2910000663     2910000668     2910000670 
  

[PAGE 9]
 
  2910000672     2910000673     2910000676     2910000678     2910000682     2910000689     2910000690     2910000700 
 
  2910000701     2910000702     2910000703     2910000706     2910000717     2910000733     2910000735     2910000736 
 
  2910000744     2910000753     2910000772     2910000776     2910000791     2910000792     2910000795     2910000808 
 
  2910000812     2910000819     2910000823     2910000824     2910000833     2910000834     2910000843     3010000005 
 
  3010000006     3010000007     3010000010     3010000031     3010000047     3010000052     3010000058     3010000064 
 
  3010000068     3010000079     3010000099     3010000131     3010000141     3010000147     3010000152     3010000157 
 
  3110000006     3110000014     3110000027     3110000035     3110000037     3110000042     3110000060     3110000069 
 
  3110000075     3110000083     3110000100     3110000103     3110000118     3110000120     3110000123     3110000134 
 
  3110000137     3110000138     3110000162     3110000165     3210000001     3210000009     3210000012     3210000018 
 
  3210000020     3210000023     3210000030     3210000033     3210000034     3210000037     3210000038     3210000039 
 
  3210000042     3210000047     3210000049     3210000050     3210000051     3210000052     3210000053     3210000058 
 
  3210000061     3210000062     3210000065     3210000067     3210000068     3210000071     3210000081     3210000082 
 
  3210000091     3210000092     3210000096     3210000106     3210000114     3210000116     3210000124     3210000132 
 
  3210000133     3210000138     3210000141     3210000143     3210000144     3210000153     3210000154     3210000157 
 
  3210000167     3210000169     3210000173     3210000175     3210000178     3210000186     3210000189     3210000192 
 
  3210000195     3210000205     3210000214     3210000216     3210000217     3210000218     3210000219     3210000223 
 
  3210000228     3210000230     3210000231     3210000233     3210000235     3210000243     3210000245     3210000246 
 
  3210000252     3210000259     3210000268     3210000269     3210000274     3210000276     3210000280     3210000284 
 
  3210000287     3210000292     3210000296     3210000297     3210000298     3210000300     3210000301     3210000302 
 
  3210000307     3210000314     3210000322     3210000335     3210000336     3210000344     3210000346     3210000360 
 
  3210000361     3210000367     3210000381     3210000386     3210000393     3210000397     3210000401     3210000402 
 
  3210000403     3210000404     3210000408     3210000410     3210000411     3210000412     3210000423     3210000429 
 
  3210000432     3210000434     3210000435     3210000437     3210000438     3210000440     3210000441     3210000449 
 
  3210000451     3210000456     3210000461     3210000462     3210000465     3210000466     3210000475     3210000477 
 
  3210000489     3210000493     3210000495     3210000499     3210000500     3210000501     3210000503     3210000505 
  

[PAGE 10]
 
  3210000508     3210000512     3210000515     3210000519     3210000523     3210000524     3210000525     3210000526 
 
  3210000527     3210000529     3210000533     3210000539     3210000540     3210000542     3210000545     3210000546 
 
  3210000549     3210000551     3210000557     3210000567     3210000574     3210000587     3210000594     3210000598 
 
  3210000599     3210000600     3210000601     3210000602     3210000605     3210000606     3210000607     3210000609 
 
  3210000619     3210000621     3210000625     3210000639     3210000640     3210000649     3210000659     3210000661 
 
  3210000663     3210000664     3210000669     3210000677     3210000678     3210000680     3210000684     3210000690 
 
  3210000693     3210000695     3210000696     3210000700     3210000708     3210000709     3210000711     3210000719 
 
  3210000723     3210000728     3210000729     3210000731     3210000741     3210000742     3210000747     3210000749 
 
  3210000752     3210000754     3210000756     3210000762     3210000763     3210000767     3210000769     3210000775 
 
  3210000777     3210000778     3210000779     3210000780     3210000784     3210000786     3210000787     3210000788 
 
  3210000795     3210000796     3210000798     3210000805     3210000825     3210000827     3210000829     3210000845 
 
  3210000860     3210000861     3210000868     3210000869     3210000874     3210000882     3210000883     3210000885 
 
  3210000888     3210000889     3210000892     3210000897     3210000898     3210000903     3210000904     3210000910 
 
  3210000912     3210000913     3210000921     3210000934     3210000936     3210000940     3210000941     3210000942 
 
  3210000949     3210000954     3210000956     3210000961     3210000969     3210000970     3210000971     3210000986 
 
  3210000993     3210000999     3210001000     3210001007     3210001021     3210001024     3210001031     3210001034 
 
  3210001037     3210001040     3210001041     3210001048     3210001050     3210001054     3210001055     3210001063 
 
  3210001065     3210001070     3210001085     3210001095     3210001096     3210001106     3210001110     3210001111 
 
  3210001116     3210001119     3210001122     3210001123     3210001128     3210001134     3210001138     3210001139 
 
  3210001140     3210001142     3210001143     3210001144     3210001146     3210001148     3310000011     3310000014 
 
  3310000016     3310000040     3310000043     3310000051     3310000052     3310000058     3310000060     3310000079 
 
  3310000083     3310000084     3310000085     3410000001     3410000009     3410000010     3410000028     3410000037 
 
  3410000045     3410000070     3410000074     3410000084     3410000086     3410000091     3410000097     3410000100 
 
  3410000118     3410000121     3410000125     3410000130     3410000132     3410000141     3410000145     3410000146 
 
  3410000150     3410000157     3410000165     3410000170     3410000180     3410000183     3410000186     3410000197 
  

[PAGE 11]
 
  3410000203     3410000204     3410000206     3410000209     3410000219     3410000225     3410000231     3410000233 
 
  3410000245     3410000246     3410000247     3410000273     3410000276     3410000281     3410000283     3410000291 
 
  3410000299     3410000331     3410000332     3410000333     3410000346     3410000352     3410000363     3410000372 
 
  3410000373     3410000378     3410000380     3410000385     3410000386     3410000390     3410000392     3410000395 
 
  3410000402     3410000412     3410000416     3410000420     3410000437     3410000450     3410000466     3410000497 
 
  3410000507     3410000511     3410000513     3410000518     3410000519     3410000521     3410000528     3410000532 
 
  3410000540     3510000007     3510000010     3510000013     3510000023     3510000025     3510000030     3510000033 
 
  3510000038     3510000040     3510000053     3510000056     3510000059     3510000072     3510000073     3510000074 
 
  3510000075     3510000079     3510000094     3510000100     3510000101     3510000103     3510000104     3510000110 
 
  3510000111     3510000121     3510000135     3510000137     3510000140     3510000147     3510000148     3510000153 
 
  3510000154     3510000158     3610000001     3610000003     3610000006     3610000008     3610000010     3610000014 
 
  3610000022     3610000031     3610000033     3610000034     3610000058     3610000060     3610000065     3610000066 
 
  3610000070     3610000073     3610000075     3610000077     3610000087     3610000092     3610000102     3610000110 
 
  3610000113     3610000122     3610000127     3610000136     3610000143     3610000144     3610000158     3610000163 
 
  3610000167     3610000171     3610000173     3610000175     3610000181     3610000183     3610000185     3610000199 
 
  3610000200     3610000202     3610000208     3610000214     3610000215     3610000220     3610000228     3610000232 
 
  3610000241     3610000242     3610000257     3610000273     3610000282     3610000293     3610000294     3610000324 
 
  3610000328     3610000338     3610000339     3610000345     3610000364     3610000366     3610000375     3610000385 
 
  3610000389     3610000391     3610000407     3610000411     3610000412     3610000422     3610000425     3610000435 
 
  3610000437     3610000441     3610000451     3610000452     3610000453     3610000458     3610000461     3610000467 
 
  3610000473     3610000484     3610000495     3610000501     3610000502     3610000513     3610000518     3610000522 
 
  3610000528     3610000533     3610000541     3610000550     3610000555     3610000558     3610000561     3610000562 
 
  3610000566     3610000570     3610000572     3610000583     3610000586     3610000591     3610000596     3610000600 
 
  3610000604     3610000607     3610000619     3610000621     3610000626     3610000631     3610000635     3610000636 
 
  3610000637     3610000650     3610000654     3610000655     3610000659     3610000662     3610000681     3610000691 
  

[PAGE 12]
 
  3610000694     3610000697     3610000699     3610000707     3610000710     3610000723     3610000730     3610000732 
 
  3610000740     3610000751     3610000752     3610000756     3610000757     3610000774     3610000784     3610000787 
 
  3610000815     3610000822     3610000829     3610000837     3610000838     3610000843     3610000848     3610000852 
 
  3610000855     3610000858     3610000871     3610000873     3610000874     3610000890     3610000892     3610000897 
 
  3610000901     3610000922     3610000930     3610000931     3610000932     3610000938     3610000947     3610000950 
 
  3610000954     3610000956     3610000957     3610000958     3610000959     3610000965     3610000966     3610000984 
 
  3610000993     3610000994     3610000995     3610001000     3610001004     3610001016     3610001022     3610001026 
 
  3610001036     3610001050     3610001053     3610001055     3610001066     3610001070     3610001077     3610001078 
 
  3610001081     3610001083     3610001100     3610001107     3610001109     3610001115     3610001121     3610001126 
 
  3610001128     3610001139     3610001164     3610001167     3610001171     3610001177     3610001185     3610001188 
 
  3610001192     3610001196     3610001199     3610001209     3610001215     3610001216     3610001218     3610001224 
 
  3610001225     3610001226     3610001229     3610001230     3610001232     3610001234     3610001236     3610001246 
 
  3610001248     3610001249     3610001254     3610001256     3610001257     3610001258     3610001266     3610001268 
 
  3610001273     3610001279     3610001287     3610001290     3610001294     3610001295     3610001300     3610001303 
 
  3610001304     3610001313     3610001314     3610001325     3610001331     3610001332     3610001333     3610001335 
 
  3610001336     3610001340     3610001341     3610001342     3610001345     3610001347     3610001353     3610001357 
 
  3610001366     3610001367     3610001373     3610001377     3610001378     3610001382     3610001388     3610001399 
 
  3610001401     3610001407     3610001409     3610001413     3610001414     3610001417     3610001419     3610001421 
 
  3610001422     3610001425     3610001426     3610001430     3610001432     3610001435     3610001438     3610001443 
 
  3610001444     3610001445     3610001453     3610001465     3610001476     3610001477     3610001478     3610001495 
 
  3610001505     3610001506     3610001508     3610001509     3610001511     3610001512     3610001516     3610001517 
 
  3610001522     3610001526     3610001539     3610001543     3610001550     3610001556     3610001558     3610001562 
 
  3610001563     3610001567     3610001573     3610001579     3610001582     3610001593     3610001594     3610001598 
 
  3610001607     3610001610     3610001612     3610001613     3610001614     3610001619     3610001632     3610001636 
 
  3610001638     3610001639     3610001651     3610001652     3610001657     3610001665     3610001673     3610001674 
  

[PAGE 13]
 
  3610001677     3610001680     3610001685     3610001700     3610001701     3610001704     3610001706     3610001708 
 
  3610001711     3610001721     3610001722     3610001724     3610001728     3610001733     3610001739     3610001741 
 
  3610001746     3610001747     3610001758     3610001759     3610001761     3610001772     3610001776     3610001789 
 
  3610001792     3610001797     3610001798     3610001801     3610001802     3610001810     3610001814     3610001819 
 
  3610001822     3610001829     3610001831     3610001833     3610001838     3610001844     3610001849     3610001854 
 
  3610001868     3610001874     3610001879     3610001889     3610001896     3610001898     3610001903     3610001908 
 
  3610001910     3610001913     3610001925     3610001926     3610001929     3610001930     3610001939     3610001942 
 
  3610001954     3610001957     3610001958     3610001965     3610001968     3610001971     3610001978     3610001979 
 
  3610001987     3610001989     3610001991     3610001992     3610001996     3610002000     3610002002     3610002012 
 
  3610002018     3610002032     3610002034     3610002036     3610002041     3610002047     3610002050     3610002054 
 
  3610002055     3610002059     3610002071     3610002080     3610002081     3610002084     3610002088     3610002089 
 
  3610002095     3610002098     3610002102     3610002107     3610002108     3610002110     3610002112     3610002122 
 
  3610002128     3610002133     3610002140     3610002145     3610002146     3610002151     3610002154     3610002156 
 
  3610002157     3610002169     3610002171     3610002174     3610002175     3610002191     3610002194     3610002198 
 
  3610002199     3610002200     3610002203     3610002204     3610002206     3610002210     3610002213     3610002223 
 
  3610002232     3610002237     3610002238     3610002243     3610002245     3610002247     3610002256     3610002258 
 
  3610002263     3610002282     3610002291     3610002303     3610002308     3610002310     3610002314     3610002328 
 
  3610002331     3610002332     3610002336     3610002339     3610002346     3610002352     3610002357     3610002358 
 
  3610002365     3610002366     3610002369     3610002378     3610002382     3610002384     3610002385     3610002388 
 
  3610002401     3610002404     3610002405     3610002406     3610002412     3610002416     3610002417     3610002418 
 
  3610002424     3610002426     3610002432     3610002435     3610002446     3610002450     3610002455     3610002457 
 
  3610002468     3610002477     3610002480     3610002483     3610002484     3610002486     3610002494     3610002495 
 
  3610002497     3610002505     3610002512     3610002513     3610002517     3610002519     3610002522     3610002526 
 
  3610002527     3610002528     3610002534     3610002537     3610002544     3610002546     3610002547     3610002549 
 
  3610002561     3610002562     3610002567     3610002570     3610002572     3610002573     3610002575     3610002576 
  

[PAGE 14]
 
  3610002579     3610002582     3610002583     3610002585     3610002587     3610002603     3610002604     3610002606 
 
  3610002607     3610002619     3610002621     3610002625     3610002627     3610002629     3610002632     3610002637 
 
  3610002639     3610002644     3610002648     3610002658     3610002661     3610002664     3610002668     3610002675 
 
  3610002687     3610002694     3610002709     3610002717     3610002720     3610002721     3610002729     3610002730 
 
  3610002731     3610002753     3610002754     3610002762     3610002772     3610002773     3610002779     3610002783 
 
  3610002795     3610002798     3610002800     3610002807     3610002809     3610002812     3610002816     3610002820 
 
  3610002830     3610002831     3610002835     3610002837     3610002842     3610002844     3610002846     3610002853 
 
  3610002858     3610002859     3610002860     3610002863     3610002864     3610002867     3610002870     3610002871 
 
  3610002874     3610002875     3610002878     3610002879     3610002881     3610002882     3610002883     3610002887 
 
  3610002889     3610002897     3610002899     3610002900     3610002904     3610002905     3610002912     3610002914 
 
  3610002916     3610002932     3610002937     3610002938     3610002943     3610002952     3610002955     3610002957 
 
  3610002958     3610002966     3610002971     3610002977     3610002983     3610002985     3610002987     3610003002 
 
  3610003006     3610003009     3610003011     3610003013     3610003019     3610003020     3610003027     3610003033 
 
  3610003035     3610003040     3610003064     3610003069     3610003070     3610003075     3610003091     3610003092 
 
  3610003093     3610003094     3610003102     3610003103     3610003105     3610003109     3610003110     3610003111 
 
  3610003113     3610003116     3610003123     3610003124     3610003131     3610003143     3610003145     3610003148 
 
  3610003150     3610003153     3610003154     3610003155     3610003160     3610003164     3610003165     3610003171 
 
  3610003173     3610003175     3610003179     3610003182     3610003186     3610003188     3610003191     3610003196 
 
  3610003202     3610003203     3610003209     3610003213     3610003215     3610003218     3610003221     3610003224 
 
  3610003226     3610003227     3610003230     3610003233     3610003235     3610003249     3610003256     3610003258 
 
  3610003259     3610003263     3610003265     3610003267     3610003273     3610003274     3610003278     3610003288 
 
  3610003291     3610003296     3610003298     3610003301     3610003302     3610003308     3610003311     3610003312 
 
  3610003316     3610003322     3610003327     3710000008     3710000011     3710000012     3710000013     3710000017 
 
  3710000020     3710000040     3810000002     3810000009     3810000021     3810000027     3810000028     3810000034 
 
  3810000035     3810000037     3810000042     3810000054     3810000056     3810000066     3810000069     3810000080 
  

[PAGE 15]
 
  3810000087     3810000090     3810000092     3810000093     3810000097     3810000104     3810000116     3810000119 
 
  3810000122     3810000124     3810000133     3810000145     3810000147     3810000149     3810000157     3810000158 
 
  3810000163     3810000164     3810000169     3810000175     3810000183     3810000185     3810000204     3810000215 
 
  3810000218     3810000219     3810000230     3810000244     3810000245     3810000246     3810000252     3810000254 
 
  3810000257     3810000259     3810000260     3810000261     3810000271     3810000274     3810000276     3810000291 
 
  3810000294     3810000297     3810000298     3810000318     3810000330     3810000332     3810000335     3810000342 
 
  3810000347     3810000353     3810000366     3810000373     3810000384     3810000387     3810000389     3810000399 
 
  3810000405     3810000414     3810000420     3810000428     3810000432     3810000440     3810000443     3810000458 
 
  3810000467     3810000474     3810000480     3810000484     3810000492     3810000493     3810000498     3810000502 
 
  3810000507     3810000511     3810000512     3810000521     3810000524     3910000008     3910000009     3910000030 
 
  3910000037     3910000064     3910000080     3910000084     3910000085     3910000097     3910000099     3910000101 
 
  3910000103     3910000105     3910000106     3910000109     3910000111     3910000112     3910000138     3910000139 
 
  3910000142     3910000151     3910000153     3910000155     3910000160     3910000166     3910000168     3910000170 
 
  3910000179     3910000188     3910000191     3910000194     3910000196     3910000204     3910000209     3910000215 
 
  3910000223     3910000225     3910000233     3910000236     3910000249     3910000268     3910000269     3910000271 
 
  3910000274     3910000275     3910000282     3910000289     3910000304     3910000315     3910000327     3910000337 
 
  3910000339     3910000345     3910000346     3910000360     3910000363     3910000368     3910000370     3910000375 
 
  3910000384     4010000009     4010000010     4010000018     4010000019     4010000028     4010000031     4010000035 
 
  4010000040     4010000042     4010000043     4010000045     4010000047     4010000052     4010000053     4010000060 
 
  4010000064     4010000067     4010000069     4010000070     4010000082     4010000086     4010000089     4010000092 
 
  4010000097     4010000111     4010000118     4010000124     4010000126     4010000127     4010000129     4010000132 
 
  4010000136     4010000138     4010000140     4010000148     4010000151     4010000155     4010000159     4010000167 
 
  4010000170     4010000188     4010000190     4010000192     4010000202     4010000208     4010000209     4010000214 
 
  4010000216     4010000219     4010000224     4010000231     4010000236     4010000239     4010000245     4010000251 
 
  4010000260     4010000266     4010000267     4010000268     4010000281     4010000283     4010000285     4010000294 
  

[PAGE 16]
 
  4010000296     4010000306     4010000307     4010000309     4010000317     4010000322     4010000330     4010000333 
 
  4010000334     4010000350     4010000356     4010000363     4010000368     4010000369     4010000371     4010000385 
 
  4010000387     4010000390     4010000406     4010000411     4010000414     4010000416     4010000418     4010000427 
 
  4010000437     4010000442     4010000446     4010000458     4010000469     4010000473     4010000474     4010000481 
 
  4010000491     4010000523     4010000539     4010000544     4010000546     4010000571     4010000573     4010000575 
 
  4010000577     4010000578     4010000580     4010000581     4010000583     4010000585     4010000591     4010000592 
 
  4010000598     4010000601     4010000605     4010000613     4010000614     4010000616     4010000622     4010000625 
 
  4010000628     4010000632     4010000634     4010000647     4010000649     4110000008     4110000010     4110000023 
 
  4110000041     4110000043     4110000049     4110000051     4110000052     4110000054     4110000070     4110000084 
 
  4110000085     4110000088     4110000092     4110000095     4110000100     4110000101     4110000107     4110000122 
 
  4110000134     4110000139     4110000146     4110000157     4110000158     4110000159     4110000161     4110000163 
 
  4110000173     4110000174     4110000175     4110000181     4110000182     4110000188     4110000193     4110000199 
 
  4110000200     4110000202     4110000203     4110000210     4110000214     4110000224     4110000225     4110000228 
 
  4110000229     4110000234     4110000241     4110000248     4110000252     4110000259     4110000260     4110000261 
 
  4110000263     4110000264     4110000268     4110000271     4110000272     4110000276     4110000279     4110000281 
 
  4110000282     4110000287     4210000007     4210000020     4210000025     4210000029     4210000032     4210000039 
 
  4210000040     4210000044     4210000047     4210000051     4210000053     4210000054     4210000055     4210000066 
 
  4210000076     4210000078     4210000085     4210000096     4210000105     4210000113     4210000122     4210000147 
 
  4210000151     4210000153     4210000178     4210000181     4210000188     4210000197     4210000200     4210000201 
 
  4210000209     4210000210     4210000211     4210000216     4210000228     4210000231     4210000234     4210000250 
 
  4210000253     4210000262     4210000265     4210000281     4210000288     4210000309     4210000310     4210000311 
 
  4210000318     4210000319     4210000323     4210000326     4210000327     4210000328     4210000333     4210000343 
 
  4210000346     4210000347     4210000349     4210000357     4210000365     4210000368     4210000370     4210000375 
 
  4210000378     4210000387     4210000392     4210000393     4210000398     4210000406     4210000409     4210000411 
 
  4210000412     4210000416     4210000418     4210000426     4310000005     4310000024     4310000026     4310000029 
  

[PAGE 17]
 
  4310000032     4310000041     4310000044     4310000061     4310000076     4310000080     4310000081     4310000082 
 
  4410000006     4410000007     4410000008     4410000013     4410000015     4410000016     4410000019     4410000026 
 
  4410000027     4410000037     4410000038     4410000039     4410000041     4410000045     4410000062     4410000063 
 
  4410000070     4410000071     4410000075     4410000078     4410000081     4410000082     4410000091     4410000099 
 
  4410000105     4410000106     4410000117     4410000119     4410000125     4410000127     4410000129     4410000154 
 
  4410000155     4410000156     4510000010     4510000018     4510000027     4510000045     4510000059     4510000074 
 
  4510000077     4510000096     4510000121     4510000123     4510000137     4510000150     4510000153     4510000155 
 
  4510000161     4510000181     4510000188     4510000200     4510000203     4510000212     4510000219     4510000224 
 
  4510000225     4510000228     4510000245     4510000251     4610000006     4610000007     4610000016     4610000017 
 
  4610000018     4610000023     4610000027     4610000028     4610000030     4610000058     4610000062     4610000064 
 
  4610000065     4610000095     4610000097     4610000104     4610000110     4610000111     4610000115     4610000117 
 
  4610000121     4610000128     4610000130     4610000133     4610000144     4610000148     4610000149     4610000155 
 
  4610000157     4610000160     4610000164                                                                            
 ---------------------------------------------------------------------------------------------------------------------------------- 
 