SOURCE: 010_IFSCA career__2025 Phase 2 Interview Marks.pdf
PAGES: 3
================================================================================


[PAGE 1]
ROLL NO REGT 
NO.
P1_100 P2_100 P1 
weight
ed 
(1/3)
P2 
weight
ed 
(2/3)
TWS
_100
TWS_
85
Intervie
w_100
Interview
_15
Total_100 
(TWS and 
Interview) 
in 85:15 
ratio
Category
1110000009 469002333 56.00 63.50 18.67 42.33 61.00 51.85 50.00 7.50 59.35 LD (UR)
1110000323 469010219 67.50 72.50 22.50 48.33 70.83 60.21 45.00 6.75 66.96 UR
1110000639 469006007 53.00 61.50 17.67 41.00 58.67 49.87 42.00 6.30 56.17 ST
1110001064 469003384 64.00 56.00 21.33 37.33 58.66 49.86 42.00 6.30 56.16 ST
1410000010 469000057 46.00 66.00 15.33 44.00 59.33 50.43 55.00 8.25 58.68 DHH (OBC)
1410000107 469009468 52.00 80.00 17.33 53.33 70.66 60.06 70.00 10.50 70.56 UR
1610000016 469009582 49.00 40.00 16.33 26.67 43.00 36.55 35.00 5.25 41.80 DHH (UR)
1710000366 469017861 56.00 75.00 18.67 50.00 68.67 58.37 50.00 7.50 65.87 OBC
2210000038 469007315 58.00 74.00 19.33 49.33 68.66 58.36 60.00 9.00 67.36 OBC
2310000023 469005547 47.00 70.00 15.67 46.67 62.34 52.99 58.00 8.70 61.69 LD (UR)
2410000516 469005866 58.00 79.00 19.33 52.67 72.00 61.20 55.00 8.25 69.45 UR
2410000595 469000504 59.00 79.00 19.67 52.67 72.34 61.49 73.00 10.95 72.44 UR
2410000648 469007404 54.00 83.00 18.00 55.33 73.33 62.33 69.00 10.35 72.68 UR
2510000135 469005402 52.00 60.50 17.33 40.33 57.66 49.01 53.00 7.95 56.96 ST
2510000650 469015520 67.00 71.00 22.33 47.33 69.66 59.21 45.00 6.75 65.96 UR
2510000726 469005802 62.50 70.50 20.83 47.00 67.83 57.66 43.00 6.45 64.11 EWS
2710000335 469008189 61.00 75.00 20.33 50.00 70.33 59.78 54.00 8.10 67.88 UR
2710000352 469005599 64.50 72.50 21.50 48.33 69.83 59.36 63.00 9.45 68.81 UR
2810000151 469005706 55.00 66.50 18.33 44.33 62.66 53.26 40.00 6.00 59.26 SC
2910000198 469010990 55.00 75.00 18.33 50.00 68.33 58.08 48.00 7.20 65.28 OBC
2910000564 469017227 54.00 66.50 18.00 44.33 62.33 52.98 35.00 5.25 58.23 EWS
3210000918 469009042 51.00 75.50 17.00 50.33 67.33 57.23 42.00 6.30 63.53 EWS
3210001039 469006202 58.00 73.50 19.33 49.00 68.33 58.08 60.00 9.00 67.08 OBC
3210001080 469019490 61.00 73.00 20.33 48.67 69.00 58.65 57.00 8.55 67.20 OBC
3210001135 469017567 59.50 75.00 19.83 50.00 69.83 59.36 34.00 5.10 64.46 OBC
3410000140 469018156 49.00 80.00 16.33 53.33 69.66 59.21 62.00 9.30 68.51 OBC
3410000178 469009225 52.00 81.00 17.33 54.00 71.33 60.63 50.00 7.50 68.13 UR
3410000518 469008837 47.00 67.00 15.67 44.67 60.34 51.29 52.00 7.80 59.09 SC
3510000066 469001421 55.00 73.00 18.33 48.67 67.00 56.95 55.00 8.25 65.20 SC
3610000825 469010760 63.00 73.50 21.00 49.00 70.00 59.50 60.00 9.00 68.50 OBC
3610002007 469007317 49.00 66.50 16.33 44.33 60.66 51.56 47.00 7.05 58.61 SC
3610002042 469020201 58.00 75.00 19.33 50.00 69.33 58.93 52.00 7.80 66.73 OBC
3610002066 469008054 60.00 67.50 20.00 45.00 65.00 55.25 50.00 7.50 62.75 SC
3610002588 469023129 44.00 82.00 14.67 54.67 69.34 58.94 46.00 6.90 65.84 OBC
3610002645 469011594 65.00 77.00 21.67 51.33 73.00 62.05 50.00 7.50 69.55 UR
3610003011 469001733 62.00 71.00 20.67 47.33 68.00 57.80 48.00 7.20 65.00 OBC
3610003249 469006728 52.00 65.50 17.33 43.67 61.00 51.85 50.00 7.50 59.35 SC
3810000008 469000676 53.00 65.00 17.67 43.33 61.00 51.85 43.00 6.45 58.30 LD (UR)
3810000028 469016651 60.00 75.00 20.00 50.00 70.00 59.50 48.00 7.20 66.70 UR
4010000154 469010000 56.00 67.50 18.67 45.00 63.67 54.12 40.00 6.00 60.12 EWS
4010000609 469011507 52.00 73.00 17.33 48.67 66.00 56.10 42.00 6.30 62.40 EWS
अंतराŊʼŌीय िवȅीय सेवा कŐ ū Ůािधकरण
INTERNATIONAL FINANCIAL SERVICES CENTRES AUTHORITY
RECRUITMENT OF OFFICERS GR.A ASSISTANT MANAGER (GENERAL STREAM)

[PAGE 2]
4110000141 469007863 52.00 80.50 17.33 53.67 71.00 60.35 77.00 11.55 71.90 UR
4110000203 469007099 61.00 82.50 20.33 55.00 75.33 64.03 38.00 5.70 69.73 OBC
4610000148 469008641 63.00 80.00 21.00 53.33 74.33 63.18 75.00 11.25 74.43 UR

[PAGE 3]
ROLL NO REGT 
NO.
P1_100 P2_100 P1 
weight
ed 
(1/3)
P2 
weight
ed 
(2/3)
TWS
_100
TWS_
85
Intervie
w_100
Interview
_15
Total_100 
(TWS and 
Interview) 
in 85:15 
ratio
Category
1110000126 469020028 60 85 20 56.67 76.7 65.17 60 9 74.17 UR
2410000078 469013943 62 93 20.67 62 82.7 70.27 52 7.8 78.0695 UR
3610000528 469028567 59 85 19.67 56.67 76.3 64.89 54 8.1 72.99 UR
3610000698 469003532 65 81 21.67 54 75.7 64.32 70 10.5 74.82 UR
3610001143 469004277 51 90 17 60 77 65.45 45 6.75 72.2 EWS
4110000256 469006776 56 87.5 18.67 58.33 77 65.45 54 8.1 73.55 UR
अंतराŊʼŌीय िवȅीय सेवा कŐ ū Ůािधकरण
INTERNATIONAL FINANCIAL SERVICES CENTRES AUTHORITY
RECRUITMENT OF OFFICERS GR.A ASSISTANT MANAGER (LEGAL STREAM)