

===== PDF_PAGE 1 / 11: 008_IFSCA career__2025 Phase 1 Results - General Stream.pdf =====
INTERNATIONAL FINANCIAL SERVICES CENTRES AUTHORITY (IFSCA) 
RECRUITMENT OF OFFICERS GR.A ASSISTANT MANAGER (GENERAL STREAM) 
DATE OF EXAM : 11th OCTOBER 2025 (PHASE-I) 
LIST OF ROLL NO. OF SHORT LISTED CANDIDATES FOR PHASE-II 
------------------------------------------------------------------------------------------------------------------------- 
 
  1111000005     1111000017     1121000015     1121000022     1121000027     1121000034     1121000038     1121000040 
 
  1121000043     1121000053     1121000054     1121000056     1121000060     1121000113     1121000134     1121000137 
 
  1121000147     1121000151     1121000152     1121000160     1121000161     1121000163     1121000168     1121000184 
 
  1121000192     1121000202     1121000213     1121000218     1121000219     1121000245     1121000246     1121000250 
 
  1121000259     1121000272     1121000277     1121000285     1121000290     1121000297     1121000299     1121000313 
 
  1121000315     1121000316     1121000324     1121000342     1121000344     1121000355     1121000360     1121000369 
 
  1121000370     1121000375     1121000382     1121000384     1121000393     1121000427     1121000428     1121000436 
 
  1121000439     1121000445     1121000446     1121000449     1121000456     1121000464     1121000468     1121000469 
 
  1121000479     1121000484     1121000485     1121000489     1121000497     1121000501     1121000503     1121000508 
 
  1131000010     1131000023     1131000025     1131000035     1131000038     1131000047     1131000049     1131000062 
 
  1131000075     1131000081     1131000084     1131000097     1131000108     1131000123     1131000128     1131000131 
 
  1131000136     1131000180     1131000182     1131000185     1131000191     1131000195     1131000196     1131000201 
 
  1131000203     1131000218     1131000223     1131000235     1131000243     1131000245     1131000252     1131000253 
 
  1131000262     1131000284     1131000286     1131000287     1131000288     1131000302     1131000304     1131000306 
 
  1131000313     1131000316     1131000318     1131000319     1131000322     1131000324     1131000326     1131000328 
 
  1131000331     1131000345     1131000347     1131000348     1131000360     1131000365     1131000367     1131000369 
 
  1131000390     1131000392     1131000399     1131000410     1131000412     1131000420     1131000437     1131000440 
 
  1131000442     1131000447     1131000448     1131000452     1151000004     1151000005     1151000009     1151000015 
 
  1151000017     1151000019     1151000022     1151000024     1161000010     1161000019     1161000023     1161000034 


===== PDF_PAGE 2 / 11: 008_IFSCA career__2025 Phase 1 Results - General Stream.pdf =====
 
  1161000035     1161000040     1161000041     1161000042     1161000053     1161000054     1161000055     1161000064 
 
  1161000070     1161000072     1161000075     1161000078     1161000081     1161000085     1161000089     1161000092 
 
  1161000095     1161000096     1161000097     1161000098     1161000105     1161000110     1161000115     1161000121 
 
  1161000130     1161000135     1161000141     1161000142     1161000146     1161000171     1161000184     1161000187 
 
  1161000192     1161000200     1161000213     1161000217     1161000220     1161000222     1161000231     1161000240 
 
  1161000245     1161000261     1161000265     1161000278     1161000283     1161000284     1161000299     1161000310 
 
  1161000311     1161000315     1161000322     1161000324     1161000344     1171000014     1171000019     1171000027 
 
  1171000030     1171000037     1171000038     1171000040     1171000051     1171000057     1171000064     1171000065 
 
  1171000073     1171000075     1171000083     1171000095     1171000104     1171000109     1171000114     1171000119 
 
  1171000128     1171000142     1171000146     1171000149     1171000175     1171000176     1171000185     1171000187 
 
  1171000188     1171000193     1171000198     1171000214     1171000215     1171000219     1171000222     1171000235 
 
  1171000249     1171000254     1171000257     1181000015     1181000016     1181000040     1181000041     1191000010 
 
  1191000019     1191000034     1191000035     1191000036     1191000037     1191000039     1191000055     1191000061 
 
  1191000069     1191000075     1191000121     1191000131     1191000135     1191000159     1191000170     1191000189 
 
  1191000195     1191000205     1191000229     1191000247     1191000248     1191000251     1191000263     1191000266 
 
  1191000271     1191000274     1191000282     1191000283     1191000287     1191000296     1191000297     1191000298 
 
  1191000304     1191000306     1191000312     1191000314     1201000006     1201000007     1201000012     1201000014 
 
  1201000019     1201000038     1201000039     1201000040     1201000045     1201000046     1201000048     1201000053 
 
  1201000063     1201000065     1201000069     1201000071     1201000078     1201000079     1201000081     1201000089 
 
  1201000103     1211000002     1221000022     1221000031     1221000034     1221000040     1221000043     1221000044 
 
  1221000045     1221000057     1221000064     1221000066     1221000069     1221000073     1231000006     1231000011 
 


===== PDF_PAGE 3 / 11: 008_IFSCA career__2025 Phase 1 Results - General Stream.pdf =====
  1241000015     1241000016     1241000025     1241000026     1241000038     1241000040     1241000049     1241000051 
 
  1241000053     1241000062     1241000069     1241000086     1241000097     1241000098     1241000101     1241000102 
 
  1241000103     1241000113     1251000005     1251000024     1251000026     1251000038     1251000046     1251000050 
 
  1251000061     1251000066     1251000071     1251000074     1251000079     1251000081     1251000091     1251000094 
 
  1251000096     1251000097     1251000101     1251000103     1251000104     1251000106     1251000107     1251000110 
 
  1251000117     1251000119     1251000134     1251000140     1251000150     1251000154     1251000157     1251000168 
 
  1251000173     1251000179     1251000180     1251000183     1251000185     1251000202     1251000207     1251000208 
 
  1251000210     1251000232     1251000233     1251000235     1251000241     1251000243     1251000249     1251000253 
 
  1251000260     1251000263     1251000268     1251000269     1251000301     1251000315     1251000329     1251000335 
 
  1251000339     1251000343     1251000353     1251000367     1251000374     1251000379     1251000390     1251000393 
 
  1251000398     1251000404     1251000407     1251000432     1251000437     1251000441     1251000453     1251000455 
 
  1251000461     1251000467     1251000488     1251000501     1251000503     1251000505     1251000512     1251000514 
 
  1251000523     1251000525     1251000540     1251000548     1251000554     1251000556     1251000557     1251000558 
 
  1251000560     1251000564     1251000567     1251000596     1251000603     1251000606     1251000616     1251000622 
 
  1251000628     1251000632     1251000636     1251000640     1251000642     1251000644     1251000646     1251000652 
 
  1251000667     1251000668     1251000680     1251000683     1251000698     1251000702     1251000704     1251000705 
 
  1251000711     1251000716     1251000717     1251000722     1251000723     1251000725     1251000727     1251000730 
 
  1251000738     1251000744     1251000748     1251000765     1251000782     1251000783     1251000785     1251000787 
 
  1251000790     1251000797     1251000802     1251000804     1251000807     1251000808     1251000809     1251000811 
 
  1251000812     1251000816     1251000820     1251000826     1251000829     1251000864     1251000867     1251000872 
 
  1251000875     1251000880     1251000884     1251000886     1251000889     1251000893     1251000904     1251000907 
 
  1251000910     1251000911     1251000914     1251000918     1251000919     1251000922     1251000925     1251000930 


===== PDF_PAGE 4 / 11: 008_IFSCA career__2025 Phase 1 Results - General Stream.pdf =====
 
  1251000938     1251000951     1251000967     1251000973     1251000976     1251000986     1251000987     1251001002 
 
  1251001003     1251001004     1251001011     1251001031     1251001032     1251001062     1251001064     1251001066 
 
  1251001075     1251001085     1251001087     1251001102     1251001107     1251001120     1251001125     1251001140 
 
  1251001158     1251001160     1251001162     1251001166     1251001184     1251001185     1251001196     1251001198 
 
  1251001201     1251001204     1251001212     1251001213     1251001214     1251001216     1251001222     1251001223 
 
  1251001227     1251001229     1251001235     1251001237     1251001239     1251001246     1251001252     1251001256 
 
  1251001266     1251001267     1251001268     1251001273     1251001275     1251001278     1251001281     1251001282 
 
  1251001291     1251001292     1251001303     1251001308     1251001312     1251001325     1251001334     1251001341 
 
  1251001342     1251001344     1251001345     1251001346     1251001351     1251001354     1251001359     1251001362 
 
  1251001373     1251001385     1251001395     1251001408     1251001410     1251001411     1251001413     1251001415 
 
  1251001417     1251001436     1251001441     1251001448     1251001460     1251001479     1251001484     1271000015 
 
  1271000024     1271000026     1271000032     1271000033     1271000034     1271000045     1271000053     1271000072 
 
  1271000078     1271000082     1271000088     1271000095     1271000100     1271000101     1271000103     1271000116 
 
  1271000119     1271000134     1281000006     1281000007     1281000010     1281000019     1281000037     1281000039 
 
  1281000050     1281000071     1281000073     1281000081     1281000082     1281000088     1281000091     1281000103 
 
  1281000104     1281000109     1281000110     1281000118     1281000120     1281000123     1281000127     1281000143 
 
  1281000144     1281000150     1281000153     1281000163     1281000174     1281000175     1281000186     1281000187 
 
  1291000013     1291000017     1291000025     1291000031     1291000035     1291000067     1291000075     1291000077 
 
  1291000084     1291000097     1291000099     1291000106     1291000108     1291000118     1291000120     1291000131 
 
  1291000135     1291000140     1291000145     1291000146     1291000155     1291000160     1291000161     1291000164 
 
  1291000165     1291000173     1291000178     1291000193     1291000195     1291000196     1291000218     1291000219 
 


===== PDF_PAGE 5 / 11: 008_IFSCA career__2025 Phase 1 Results - General Stream.pdf =====
  1291000226     1291000235     1291000238     1291000248     1291000250     1291000258     1291000259     1291000266 
 
  1291000274     1291000291     1291000301     1291000304     1291000305     1291000308     1291000317     1291000320 
 
  1291000326     1291000343     1291000345     1291000358     1291000376     1291000380     1291000386     1291000387 
 
  1311000007     1311000008     1311000022     1311000024     1311000030     1311000034     1311000036     1311000038 
 
  1311000044     1311000055     1311000067     1311000080     1311000085     1311000088     1311000093     1311000102 
 
  1311000106     1311000113     1311000117     1311000138     1311000139     1311000145     1311000150     1311000157 
 
  1311000158     1311000159     1311000165     1311000171     1311000173     1311000174     1311000179     1311000183 
 
  1311000199     1311000201     1311000210     1311000213     1311000217     1321000017     1321000026     1321000027 
 
  1321000033     1321000034     1321000038     1321000045     1321000049     1321000060     1321000065     1321000078 
 
  1321000084     1321000092     1321000100     1321000104     1321000115     1321000124     1321000125     1321000126 
 
  1321000133     1331000005     1331000009     1331000017     1331000031     1331000036     1331000037     1341000003 
 
  1341000010     1341000012     1341000042     1341000049     1351000004     1351000009     1351000020     1351000044 
 
  1351000046     1351000047     1351000049     1351000054     1351000060     1351000069     1351000080     1351000086 
 
  1351000093     1351000097     1351000098     1351000100     1351000105     1351000109     1351000113     1351000121 
 
  1351000129     1351000141     1351000143     1351000154     1351000156     1351000173     1351000203     1351000223 
 
  1351000224     1351000227     1351000247     1351000253     1351000259     1351000261     1351000263     1351000266 
 
  1351000268     1351000275     1351000286     1351000301     1351000302     1351000308     1351000321     1351000324 
 
  1351000326     1351000331     1351000337     1351000368     1351000414     1351000416     1351000426     1351000427 
 
  1351000431     1351000433     1351000444     1351000447     1351000460     1351000469     1351000470     1351000472 
 
  1351000474     1351000481     1351000489     1351000493     1351000498     1351000524     1351000531     1351000532 
 
  1351000548     1351000561     1371000008     1371000010     1371000019     1371000020     1371000024     1371000025 
 
  1371000028     1371000033     1371000034     1371000042     1371000049     1371000057     1371000067     1371000072 


===== PDF_PAGE 6 / 11: 008_IFSCA career__2025 Phase 1 Results - General Stream.pdf =====
 
  1371000082     1371000091     1371000093     1371000096     1371000097     1371000106     1371000107     1371000110 
 
  1371000122     1371000127     1371000135     1371000140     1371000145     1371000153     1371000158     1371000165 
 
  1371000169     1371000172     1371000175     1371000177     1371000185     1381000001     1381000016     1381000020 
 
  1381000031     1381000034     1381000050     1381000055     1381000056     1381000066     1381000068     1381000075 
 
  1381000080     1381000088     1381000103     1381000110     1381000115     1381000119     1381000121     1381000131 
 
  1381000134     1381000137     1381000146     1381000147     1381000148     1381000154     1381000158     1381000167 
 
  1381000168     1381000170     1381000173     1381000177     1381000179     1381000189     1381000211     1381000214 
 
  1381000224     1381000226     1381000231     1381000239     1381000241     1381000244     1381000246     1381000248 
 
  1381000253     1381000260     1381000266     1381000267     1381000270     1381000271     1381000275     1381000277 
 
  1381000283     1381000284     1381000286     1381000297     1381000309     1381000312     1381000315     1381000316 
 
  1381000318     1381000327     1381000330     1381000335     1381000336     1381000338     1381000339     1381000344 
 
  1381000352     1381000353     1381000361     1381000371     1381000372     1381000400     1381000410     1381000416 
 
  1381000420     1381000422     1381000430     1381000441     1381000442     1381000443     1381000454     1381000460 
 
  1381000475     1381000485     1381000505     1381000507     1381000511     1381000512     1381000514     1381000530 
 
  1391000003     1391000004     1391000006     1391000009     1391000013     1391000030     1391000039     1391000040 
 
  1391000049     1401000028     1401000035     1401000039     1401000050     1401000051     1411000007     1421000005 
 
  1421000013     1421000017     1421000023     1421000026     1421000028     1421000029     1421000033     1421000065 
 
  1421000066     1421000067     1421000073     1421000083     1421000084     1421000095     1421000096     1421000100 
 
  1421000107     1421000115     1421000117     1421000123     1421000127     1421000130     1421000131     1421000133 
 
  1421000137     1421000140     1431000006     1431000009     1431000010     1441000023     1441000033     1441000037 
 
  1441000042     1441000046     1441000047     1441000057     1441000060     1441000067     1441000078     1441000092 
 


===== PDF_PAGE 7 / 11: 008_IFSCA career__2025 Phase 1 Results - General Stream.pdf =====
  1441000095     1441000100     1441000108     1441000117     1441000123     1441000142     1441000156     1441000158 
 
  1441000171     1441000190     1441000191     1441000205     1441000206     1441000215     1441000226     1441000230 
 
  1441000231     1441000233     1441000254     1441000258     1441000260     1441000269     1441000272     1441000279 
 
  1441000286     1441000287     1441000296     1441000297     1441000300     1441000311     1441000323     1441000330 
 
  1441000361     1441000367     1441000386     1441000392     1441000404     1441000413     1451000002     1451000019 
 
  1451000020     1451000026     1451000036     1451000042     1451000044     1451000049     1451000054     1451000074 
 
  1451000081     1451000090     1451000092     1451000093     1451000097     1451000110     1451000112     1451000113 
 
  1451000116     1451000117     1451000118     1451000120     1451000129     1451000134     1451000137     1451000141 
 
  1451000145     1451000146     1451000148     1451000153     1451000161     1451000169     1451000176     1451000191 
 
  1451000193     1451000200     1451000203     1451000211     1451000217     1451000235     1451000239     1451000246 
 
  1451000260     1451000269     1451000274     1451000281     1451000284     1451000303     1451000304     1451000306 
 
  1451000312     1451000322     1451000323     1451000333     1451000334     1451000342     1451000345     1451000346 
 
  1451000349     1451000360     1451000362     1451000373     1451000379     1451000387     1451000388     1451000391 
 
  1451000396     1451000404     1451000406     1451000408     1451000409     1451000410     1451000413     1451000419 
 
  1451000420     1451000425     1461000005     1461000008     1461000010     1461000037     1461000056     1471000008 
 
  1471000014     1471000026     1471000035     1471000043     1471000052     1481000021     1481000036     1481000041 
 
  1481000045     1481000046     1481000050     1481000063     1481000072     1481000078     1481000083     1481000088 
 
  1481000116     1481000125     1481000131     1481000133     1481000134     1481000137     1481000148     1481000149 
 
  1481000154     1481000156     1481000157     1481000158     1481000164     1481000172     1481000178     1481000184 
 
  1481000192     1481000194     1481000209     1481000224     1481000227     1481000228     1481000234     1481000235 
 
  1481000238     1481000243     1481000249     1481000264     1481000267     1481000284     1481000286     1481000291 
 
  1481000292     1481000299     1481000300     1481000303     1481000305     1481000319     1491000013     1491000015 


===== PDF_PAGE 8 / 11: 008_IFSCA career__2025 Phase 1 Results - General Stream.pdf =====
 
  1491000017     1491000018     1491000019     1491000020     1491000024     1491000027     1491000031     1501000011 
 
  1501000041     1501000047     1501000048     1501000053     1501000059     1501000060     1501000074     1501000075 
 
  1501000082     1501000092     1501000093     1501000095     1501000097     1501000101     1501000123     1501000131 
 
  1501000132     1501000134     1501000148     1501000165     1501000173     1501000181     1501000189     1501000191 
 
  1501000194     1501000202     1501000217     1501000219     1501000227     1501000231     1501000236     1501000243 
 
  1501000250     1501000253     1501000257     1501000260     1501000265     1501000273     1501000274     1501000276 
 
  1501000277     1501000279     1501000284     1501000289     1501000290     1501000291     1501000292     1501000298 
 
  1501000305     1501000307     1501000310     1501000319     1501000322     1501000323     1501000324     1501000331 
 
  1501000332     1501000336     1501000341     1501000345     1501000354     1501000363     1501000369     1501000373 
 
  1501000374     1501000378     1501000379     1501000382     1501000393     1501000397     1501000400     1501000401 
 
  1501000402     1501000403     1501000406     1501000408     1501000427     1501000429     1501000433     1501000444 
 
  1501000447     1501000450     1501000457     1501000460     1501000475     1501000477     1501000482     1501000485 
 
  1501000486     1501000494     1501000495     1501000510     1501000513     1501000517     1501000519     1501000527 
 
  1501000531     1501000537     1501000542     1501000544     1501000559     1501000561     1501000562     1501000563 
 
  1501000569     1501000570     1501000572     1501000578     1501000581     1501000598     1501000601     1501000603 
 
  1501000625     1501000626     1501000628     1501000629     1501000634     1501000638     1501000645     1501000647 
 
  1501000653     1501000656     1501000667     1501000671     1501000677     1501000685     1501000691     1501000708 
 
  1501000710     1501000712     1501000724     1501000732     1501000733     1501000741     1501000751     1501000764 
 
  1501000768     1501000774     1501000781     1501000783     1501000784     1501000785     1501000788     1501000789 
 
  1501000790     1501000796     1501000798     1501000805     1501000808     1501000809     1501000815     1501000817 
 
  1501000829     1501000830     1501000836     1501000843     1501000847     1511000005     1511000009     1511000010 
 


===== PDF_PAGE 9 / 11: 008_IFSCA career__2025 Phase 1 Results - General Stream.pdf =====
  1511000013     1511000017     1511000022     1511000025     1511000031     1511000036     1511000045     1521000001 
 
  1521000015     1521000023     1521000026     1521000033     1521000034     1521000036     1521000039     1521000040 
 
  1521000043     1521000050     1521000051     1521000066     1521000088     1521000089     1521000093     1521000094 
 
  1521000101     1521000106     1521000125     1521000135     1521000138     1521000144     1521000147     1521000156 
 
  1521000161     1521000169     1521000191     1521000193     1521000196     1521000211     1521000217     1521000220 
 
  1521000236     1521000237     1521000239     1521000248     1521000255     1521000266     1521000287     1521000293 
 
  1521000300     1521000302     1521000303     1521000305     1521000308     1521000313     1521000316     1521000321 
 
  1521000329     1521000331     1521000336     1521000337     1521000344     1521000346     1521000347     1521000359 
 
  1531000011     1531000021     1531000026     1531000028     1531000035     1531000042     1531000050     1531000057 
 
  1531000058     1531000060     1531000062     1531000064     1531000068     1531000074     1531000079     1561000018 
 
  1561000019     1561000020     1561000024     1561000028     1561000032     1571000009     1571000011     1571000020 
 
  1571000022     1571000028     1571000035     1571000042     1571000045     1571000049     1571000051     1571000052 
 
  1571000055     1581000022     1581000023     1581000036     1581000044     1581000056     1581000079     1581000088 
 
  1581000106     1581000110     1581000118     1581000125     1581000132     1581000133     1581000140     1581000151 
 
  1581000154     1581000156     1581000161     1581000176     1581000179     1581000187     1581000189     1581000196 
 
  1581000209     1581000212     1581000213     1581000216     1581000222     1581000238     1581000239     1581000242 
 
  1601000010     1601000011     1601000017     1601000018     1601000025     1601000042     1601000047     1601000051 
 
  1601000053     1601000066     1601000068     1601000069     1601000073     1601000080     1601000081     1601000083 
 
  1601000093     1601000108     1601000111     1601000114     1601000115     1601000126     1601000129     1601000130 
 
  1611000026     1611000035     1611000056     1611000063     1611000068     1611000074     1611000078     1611000082 
 
  1611000083     1611000086     1611000110     1611000113     1611000114     1611000119     1611000128     1611000135 
 
  1611000139     1611000141     1611000143     1611000148     1611000152     1611000163     1611000165     1611000166 


===== PDF_PAGE 10 / 11: 008_IFSCA career__2025 Phase 1 Results - General Stream.pdf =====
 
  1611000169     1611000170     1611000171     1611000174     1611000180     1611000181     1611000182     1611000194 
 
  1611000203     1611000204     1611000205     1611000240     1611000241     1611000249     1611000260     1611000264 
 
  1611000268     1611000271     1611000281     1611000284     1611000287     1611000305     1611000312     1611000315 
 
  1611000337     1611000338     1611000349     1611000353     1611000356     1611000357     1611000358     1611000363 
 
  1611000373     1611000375     1611000382     1611000386     1611000391     1611000399     1611000403     1611000417 
 
  1631000001     1631000010     1631000015     1631000017     1631000030     1631000043     1631000046     1631000047 
 
  1631000052     1631000072     1631000080     1631000081     1631000083     1631000084     1631000089     1631000098 
 
  1631000100     1631000102     1631000110     1631000113     1631000114     1631000121     1631000122     1631000147 
 
  1631000153     1631000162     1631000165     1631000170     1631000175     1631000182     1631000184     1631000187 
 
  1631000191     1631000196     1631000200     1641000009     1641000013     1641000015     1641000025     1641000034 
 
  1641000051     1651000024     1651000031     1651000032     1651000036     1651000038     1651000043     1651000059 
 
  1651000065     1651000069     1651000086     1651000095     1651000115     1651000126     1651000129     1651000130 
 
  1651000135     1651000137     1651000141     1651000142     1651000148     1651000153     1651000157     1651000159 
 
  1651000163     1651000167     1651000173     1651000178     1661000004     1661000015     1661000016     1661000017 
 
  1661000019     1661000020     1661000034     1661000035     1681000005     1681000024     1681000037     1681000041 
 
  1691000008     1691000010     1691000011     1691000012     1691000018     1691000019     1691000022     1691000029 
 
  1691000030     1691000032     1691000034     1691000037     1691000040     1691000043     1691000044     1691000053 
 
  1691000059     1691000063     1691000064     1711000004     1711000007     1711000012     1721000017     1731000004 
 
  1731000005     1731000006     1731000012     1731000014     1731000016     1731000017     1731000019     1731000034 
 
  1731000040     1731000042     1731000045     1731000054     1731000055     1731000057     1731000070     1741000006 
 
  1741000012     1741000013     1741000018     1741000027     1741000034     1741000038     1741000039     1741000041 
 


===== PDF_PAGE 11 / 11: 008_IFSCA career__2025 Phase 1 Results - General Stream.pdf =====
  1741000046     1741000047     1741000053     1741000054     1741000057     1741000058     1741000062     1741000063 
 
  1741000070     1741000076     1741000078     1741000082     1751000004     1751000007     1751000009     1751000022 
 
  1751000026     1751000030     1751000031     1751000032     1751000033     1761000008     1761000014     1761000022 
 
  1761000023     1761000028     1761000060     1761000075     1761000080     1761000094     1771000011     1771000019 
 
  1771000035     1771000037     1771000045     1771000048     1771000067     1771000082     1771000089     1771000092 
 
  1771000104     1771000107     1771000119     1771000128     1781000012     1781000032     1781000057     1781000062 
 
  1781000083     1781000089     1781000095     1781000102     1781000105     1781000106     1781000108     1781000116 
 
  1781000125     1791000003     1791000013     1791000034     1791000036     1801000001     1801000005     1801000015 
 
  1801000033     1801000034     1801000050     1801000053     1801000057                                              
 
 ------------------------------------------------------------------------------------------------------------------------- 
 
